Running 20s test @ http://localhost:8080
  4 threads and 4 connections
  Thread calibration: mean lat.: 5.174ms, rate sampling interval: 25ms
  Thread calibration: mean lat.: 5.058ms, rate sampling interval: 25ms
  Thread calibration: mean lat.: 5.623ms, rate sampling interval: 27ms
  Thread calibration: mean lat.: 5.577ms, rate sampling interval: 26ms
  Thread Stats   Avg      Stdev     Max   +/- Stdev
    Latency     4.17ms    4.61ms  31.33ms   86.94%
    Req/Sec     2.57k   719.12     5.12k    74.33%
  Latency Distribution (HdrHistogram - Recorded Latency)
 50.000%    2.38ms
 75.000%    5.43ms
 90.000%   10.48ms
 99.000%   21.01ms
 99.900%   26.38ms
 99.990%   29.55ms
 99.999%   31.04ms
100.000%   31.34ms

  Detailed Percentile spectrum:
       Value   Percentile   TotalCount 1/(1-Percentile)

       0.062     0.000000            1         1.00
       0.592     0.100000         9997         1.11
       0.973     0.200000        19981         1.25
       1.307     0.300000        29958         1.43
       1.732     0.400000        39944         1.67
       2.377     0.500000        49940         2.00
       2.803     0.550000        54930         2.22
       3.279     0.600000        59916         2.50
       3.859     0.650000        64912         2.86
       4.567     0.700000        69924         3.33
       5.427     0.750000        74908         4.00
       5.927     0.775000        77388         4.44
       6.491     0.800000        79892         5.00
       7.163     0.825000        82381         5.71
       7.987     0.850000        84885         6.67
       9.063     0.875000        87375         8.00
       9.711     0.887500        88627         8.89
      10.479     0.900000        89883        10.00
      11.367     0.912500        91130        11.43
      12.399     0.925000        92371        13.33
      13.551     0.937500        93621        16.00
      14.175     0.943750        94239        17.78
      14.839     0.950000        94867        20.00
      15.559     0.956250        95489        22.86
      16.319     0.962500        96114        26.67
      17.135     0.968750        96747        32.00
      17.567     0.971875        97052        35.56
      18.015     0.975000        97364        40.00
      18.527     0.978125        97672        45.71
      19.071     0.981250        97984        53.33
      19.615     0.984375        98298        64.00
      19.951     0.985938        98452        71.11
      20.335     0.987500        98609        80.00
      20.719     0.989062        98765        91.43
      21.199     0.990625        98920       106.67
      21.695     0.992188        99075       128.00
      21.999     0.992969        99156       142.22
      22.319     0.993750        99235       160.00
      22.671     0.994531        99312       182.86
      23.071     0.995313        99388       213.33
      23.503     0.996094        99466       256.00
      23.791     0.996484        99505       284.44
      24.063     0.996875        99545       320.00
      24.335     0.997266        99582       365.71
      24.703     0.997656        99622       426.67
      25.135     0.998047        99661       512.00
      25.391     0.998242        99680       568.89
      25.615     0.998437        99701       640.00
      25.823     0.998633        99720       731.43
      26.111     0.998828        99739       853.33
      26.415     0.999023        99758      1024.00
      26.687     0.999121        99768      1137.78
      26.959     0.999219        99779      1280.00
      27.135     0.999316        99789      1462.86
      27.295     0.999414        99797      1706.67
      27.487     0.999512        99807      2048.00
      27.583     0.999561        99812      2275.56
      27.679     0.999609        99817      2560.00
      27.871     0.999658        99821      2925.71
      28.143     0.999707        99827      3413.33
      28.223     0.999756        99831      4096.00
      28.463     0.999780        99834      4551.11
      28.623     0.999805        99836      5120.00
      28.783     0.999829        99838      5851.43
      29.103     0.999854        99841      6826.67
      29.279     0.999878        99843      8192.00
      29.551     0.999890        99845      9102.22
      29.743     0.999902        99846     10240.00
      29.823     0.999915        99847     11702.86
      30.047     0.999927        99848     13653.33
      30.079     0.999939        99849     16384.00
      30.383     0.999945        99850     18204.44
      30.591     0.999951        99851     20480.00
      30.591     0.999957        99851     23405.71
      30.735     0.999963        99852     27306.67
      30.735     0.999969        99852     32768.00
      30.991     0.999973        99853     36408.89
      30.991     0.999976        99853     40960.00
      30.991     0.999979        99853     46811.43
      31.039     0.999982        99854     54613.33
      31.039     0.999985        99854     65536.00
      31.039     0.999986        99854     72817.78
      31.039     0.999988        99854     81920.00
      31.039     0.999989        99854     93622.86
      31.343     0.999991        99855    109226.67
      31.343     1.000000        99855          inf
#[Mean    =        4.167, StdDeviation   =        4.615]
#[Max     =       31.328, Total count    =        99855]
#[Buckets =           27, SubBuckets     =         2048]
----------------------------------------------------------
  199888 requests in 20.00s, 13.15MB read
  Non-2xx or 3xx responses: 199888
Requests/sec:   9994.44
Transfer/sec:    673.45KB
