Running 20s test @ http://localhost:8080
  4 threads and 4 connections
  Thread calibration: mean lat.: 3.595ms, rate sampling interval: 16ms
  Thread calibration: mean lat.: 3.892ms, rate sampling interval: 17ms
  Thread calibration: mean lat.: 3.972ms, rate sampling interval: 17ms
  Thread calibration: mean lat.: 4.128ms, rate sampling interval: 18ms
  Thread Stats   Avg      Stdev     Max   +/- Stdev
    Latency    29.11ms  127.43ms   1.01s    95.77%
    Req/Sec     2.68k     1.02k    8.59k    77.95%
  Latency Distribution (HdrHistogram - Recorded Latency)
 50.000%    2.53ms
 75.000%    5.72ms
 90.000%   13.33ms
 99.000%  803.33ms
 99.900%  992.26ms
 99.990%    1.01s 
 99.999%    1.01s 
100.000%    1.01s 

  Detailed Percentile spectrum:
       Value   Percentile   TotalCount 1/(1-Percentile)

       0.053     0.000000            1         1.00
       0.630     0.100000        10008         1.11
       1.011     0.200000        20014         1.25
       1.380     0.300000        30008         1.43
       1.826     0.400000        40037         1.67
       2.533     0.500000        50015         2.00
       2.969     0.550000        55023         2.22
       3.459     0.600000        60021         2.50
       4.051     0.650000        65023         2.86
       4.795     0.700000        70037         3.33
       5.723     0.750000        75026         4.00
       6.311     0.775000        77530         4.44
       7.027     0.800000        80020         5.00
       7.959     0.825000        82528         5.71
       9.215     0.850000        85035         6.67
      10.959     0.875000        87528         8.00
      12.111     0.887500        88782         8.89
      13.327     0.900000        90028        10.00
      14.791     0.912500        91275        11.43
      16.751     0.925000        92529        13.33
      19.951     0.937500        93777        16.00
      23.439     0.943750        94399        17.78
      32.591     0.950000        95024        20.00
     128.575     0.956250        95649        22.86
     252.287     0.962500        96275        26.67
     376.831     0.968750        96901        32.00
     442.879     0.971875        97215        35.56
     511.231     0.975000        97525        40.00
     573.951     0.978125        97837        45.71
     636.927     0.981250        98150        53.33
     694.271     0.984375        98463        64.00
     732.671     0.985938        98620        71.11
     766.975     0.987500        98775        80.00
     792.575     0.989062        98934        91.43
     816.639     0.990625        99088       106.67
     845.823     0.992188        99246       128.00
     862.719     0.992969        99323       142.22
     880.639     0.993750        99400       160.00
     894.975     0.994531        99479       182.86
     912.895     0.995313        99559       213.33
     927.743     0.996094        99636       256.00
     938.495     0.996484        99675       284.44
     942.079     0.996875        99716       320.00
     948.223     0.997266        99752       365.71
     957.439     0.997656        99792       426.67
     965.631     0.998047        99831       512.00
     971.775     0.998242        99851       568.89
     977.919     0.998437        99870       640.00
     982.527     0.998633        99890       731.43
     986.623     0.998828        99908       853.33
     993.279     0.999023        99929      1024.00
     995.839     0.999121        99938      1137.78
     998.399     0.999219        99947      1280.00
    1000.447     0.999316        99959      1462.86
    1001.983     0.999414        99971      1706.67
    1004.031     0.999512        99978      2048.00
    1005.567     0.999561        99985      2275.56
    1006.079     0.999609        99988      2560.00
    1006.591     0.999658        99993      2925.71
    1007.103     0.999707        99996      3413.33
    1008.639     0.999756       100003      4096.00
    1009.151     0.999780       100005      4551.11
    1009.663     0.999805       100007      5120.00
    1010.175     0.999829       100008      5851.43
    1011.199     0.999854       100014      6826.67
    1011.199     0.999878       100014      8192.00
    1011.711     0.999890       100017      9102.22
    1011.711     0.999902       100017     10240.00
    1011.711     0.999915       100017     11702.86
    1012.223     0.999927       100021     13653.33
    1012.223     0.999939       100021     16384.00
    1012.223     0.999945       100021     18204.44
    1012.223     0.999951       100021     20480.00
    1012.223     0.999957       100021     23405.71
    1012.735     0.999963       100023     27306.67
    1012.735     0.999969       100023     32768.00
    1012.735     0.999973       100023     36408.89
    1012.735     0.999976       100023     40960.00
    1012.735     0.999979       100023     46811.43
    1013.247     0.999982       100025     54613.33
    1013.247     1.000000       100025          inf
#[Mean    =       29.108, StdDeviation   =      127.425]
#[Max     =     1012.736, Total count    =       100025]
#[Buckets =           27, SubBuckets     =         2048]
----------------------------------------------------------
  199888 requests in 20.00s, 12.77MB read
Requests/sec:   9994.35
Transfer/sec:    653.93KB
