Running 1m test @ http://localhost:8080
  4 threads and 4 connections
  Thread calibration: mean lat.: 3.438ms, rate sampling interval: 16ms
  Thread calibration: mean lat.: 5.724ms, rate sampling interval: 27ms
  Thread calibration: mean lat.: 3.747ms, rate sampling interval: 17ms
  Thread calibration: mean lat.: 6.750ms, rate sampling interval: 32ms
  Thread Stats   Avg      Stdev     Max   +/- Stdev
    Latency     3.97ms    5.20ms  59.33ms   89.67%
    Req/Sec     2.58k   628.37     7.18k    76.17%
  Latency Distribution (HdrHistogram - Recorded Latency)
 50.000%    1.97ms
 75.000%    4.93ms
 90.000%    9.35ms
 99.000%   26.19ms
 99.900%   47.42ms
 99.990%   56.77ms
 99.999%   58.69ms
100.000%   59.36ms

  Detailed Percentile spectrum:
       Value   Percentile   TotalCount 1/(1-Percentile)

       0.073     0.000000            4         1.00
       0.564     0.100000        50008         1.11
       0.932     0.200000       100055         1.25
       1.182     0.300000       150176         1.43
       1.547     0.400000       200037         1.67
       1.967     0.500000       250035         2.00
       2.363     0.550000       275042         2.22
       2.855     0.600000       300071         2.50
       3.423     0.650000       325104         2.86
       4.103     0.700000       350105         3.33
       4.931     0.750000       375133         4.00
       5.411     0.775000       387573         4.44
       5.947     0.800000       400045         5.00
       6.563     0.825000       412601         5.71
       7.295     0.850000       425056         6.67
       8.179     0.875000       437548         8.00
       8.727     0.887500       443845         8.89
       9.351     0.900000       450066        10.00
      10.095     0.912500       456303        11.43
      10.999     0.925000       462595        13.33
      12.095     0.937500       468808        16.00
      12.759     0.943750       471954        17.78
      13.511     0.950000       475056        20.00
      14.431     0.956250       478185        22.86
      15.495     0.962500       481296        26.67
      16.927     0.968750       484421        32.00
      17.807     0.971875       486000        35.56
      18.719     0.975000       487570        40.00
      19.759     0.978125       489113        45.71
      21.039     0.981250       490680        53.33
      22.639     0.984375       492243        64.00
      23.567     0.985938       493025        71.11
      24.495     0.987500       493800        80.00
      25.503     0.989062       494586        91.43
      26.703     0.990625       495359       106.67
      28.223     0.992188       496144       128.00
      29.183     0.992969       496531       142.22
      30.063     0.993750       496926       160.00
      31.071     0.994531       497313       182.86
      32.287     0.995313       497705       213.33
      33.695     0.996094       498101       256.00
      34.495     0.996484       498290       284.44
      35.551     0.996875       498484       320.00
      37.055     0.997266       498681       365.71
      38.655     0.997656       498876       426.67
      41.311     0.998047       499073       512.00
      42.271     0.998242       499169       568.89
      43.743     0.998437       499265       640.00
      45.055     0.998633       499364       731.43
      46.303     0.998828       499461       853.33
      47.583     0.999023       499559      1024.00
      48.415     0.999121       499607      1137.78
      49.119     0.999219       499658      1280.00
      49.695     0.999316       499706      1462.86
      50.431     0.999414       499754      1706.67
      51.295     0.999512       499802      2048.00
      51.839     0.999561       499829      2275.56
      52.575     0.999609       499852      2560.00
      53.311     0.999658       499876      2925.71
      54.303     0.999707       499901      3413.33
      54.943     0.999756       499924      4096.00
      55.263     0.999780       499938      4551.11
      55.487     0.999805       499950      5120.00
      55.807     0.999829       499962      5851.43
      56.223     0.999854       499973      6826.67
      56.479     0.999878       499985      8192.00
      56.671     0.999890       499992      9102.22
      56.799     0.999902       500000     10240.00
      56.863     0.999915       500006     11702.86
      56.895     0.999927       500012     13653.33
      57.055     0.999939       500016     16384.00
      57.119     0.999945       500021     18204.44
      57.151     0.999951       500022     20480.00
      57.183     0.999957       500025     23405.71
      57.375     0.999963       500029     27306.67
      57.471     0.999969       500031     32768.00
      57.791     0.999973       500033     36408.89
      58.047     0.999976       500034     40960.00
      58.303     0.999979       500036     46811.43
      58.367     0.999982       500037     54613.33
      58.495     0.999985       500039     65536.00
      58.559     0.999986       500040     72817.78
      58.559     0.999988       500040     81920.00
      58.687     0.999989       500042     93622.86
      58.687     0.999991       500042    109226.67
      58.783     0.999992       500043    131072.00
      58.783     0.999993       500043    145635.56
      58.783     0.999994       500043    163840.00
      59.007     0.999995       500044    187245.71
      59.007     0.999995       500044    218453.33
      59.199     0.999996       500045    262144.00
      59.199     0.999997       500045    291271.11
      59.199     0.999997       500045    327680.00
      59.199     0.999997       500045    374491.43
      59.199     0.999998       500045    436906.67
      59.359     0.999998       500046    524288.00
      59.359     1.000000       500046          inf
#[Mean    =        3.968, StdDeviation   =        5.201]
#[Max     =       59.328, Total count    =       500046]
#[Buckets =           27, SubBuckets     =         2048]
----------------------------------------------------------
  599952 requests in 1.00m, 41.88MB read
  Non-2xx or 3xx responses: 5
Requests/sec:   9998.66
Transfer/sec:    714.67KB
