Running 20s test @ http://localhost:8080
  4 threads and 4 connections
  Thread calibration: mean lat.: 3.852ms, rate sampling interval: 19ms
  Thread calibration: mean lat.: 3.811ms, rate sampling interval: 19ms
  Thread calibration: mean lat.: 4.022ms, rate sampling interval: 20ms
  Thread calibration: mean lat.: 3.986ms, rate sampling interval: 20ms
  Thread Stats   Avg      Stdev     Max   +/- Stdev
    Latency     4.78ms    6.47ms  59.20ms   89.44%
    Req/Sec     2.59k     0.94k    7.33k    75.11%
  Latency Distribution (HdrHistogram - Recorded Latency)
 50.000%    2.43ms
 75.000%    5.60ms
 90.000%   11.68ms
 99.000%   33.82ms
 99.900%   53.12ms
 99.990%   57.98ms
 99.999%   59.10ms
100.000%   59.23ms

  Detailed Percentile spectrum:
       Value   Percentile   TotalCount 1/(1-Percentile)

       0.060     0.000000            1         1.00
       0.608     0.100000         9999         1.11
       0.990     0.200000        20009         1.25
       1.329     0.300000        29997         1.43
       1.764     0.400000        39977         1.67
       2.433     0.500000        49960         2.00
       2.881     0.550000        54963         2.22
       3.377     0.600000        59951         2.50
       3.975     0.650000        64945         2.86
       4.711     0.700000        69951         3.33
       5.603     0.750000        74954         4.00
       6.163     0.775000        77441         4.44
       6.819     0.800000        79934         5.00
       7.619     0.825000        82433         5.71
       8.623     0.850000        84931         6.67
       9.927     0.875000        87424         8.00
      10.783     0.887500        88692         8.89
      11.679     0.900000        89922        10.00
      12.783     0.912500        91172        11.43
      14.023     0.925000        92427        13.33
      15.407     0.937500        93670        16.00
      16.191     0.943750        94293        17.78
      17.119     0.950000        94925        20.00
      18.255     0.956250        95543        22.86
      19.807     0.962500        96166        26.67
      21.487     0.968750        96792        32.00
      22.527     0.971875        97103        35.56
      23.983     0.975000        97416        40.00
      25.855     0.978125        97728        45.71
      27.487     0.981250        98040        53.33
      29.295     0.984375        98353        64.00
      30.303     0.985938        98510        71.11
      31.375     0.987500        98664        80.00
      32.863     0.989062        98822        91.43
      34.431     0.990625        98978       106.67
      35.839     0.992188        99133       128.00
      36.735     0.992969        99215       142.22
      37.695     0.993750        99290       160.00
      38.911     0.994531        99367       182.86
      40.287     0.995313        99445       213.33
      41.535     0.996094        99522       256.00
      42.431     0.996484        99561       284.44
      43.263     0.996875        99600       320.00
      44.479     0.997266        99639       365.71
      46.047     0.997656        99678       426.67
      47.775     0.998047        99717       512.00
      48.991     0.998242        99737       568.89
      49.823     0.998437        99756       640.00
      51.071     0.998633        99777       731.43
      52.223     0.998828        99795       853.33
      53.279     0.999023        99816      1024.00
      53.695     0.999121        99826      1137.78
      54.015     0.999219        99834      1280.00
      54.495     0.999316        99844      1462.86
      54.943     0.999414        99854      1706.67
      55.327     0.999512        99865      2048.00
      55.647     0.999561        99869      2275.56
      55.935     0.999609        99873      2560.00
      56.255     0.999658        99878      2925.71
      56.575     0.999707        99883      3413.33
      57.119     0.999756        99890      4096.00
      57.151     0.999780        99891      4551.11
      57.439     0.999805        99893      5120.00
      57.535     0.999829        99895      5851.43
      57.759     0.999854        99898      6826.67
      57.855     0.999878        99900      8192.00
      57.983     0.999890        99902      9102.22
      58.047     0.999902        99903     10240.00
      58.111     0.999915        99904     11702.86
      58.143     0.999927        99905     13653.33
      58.207     0.999939        99906     16384.00
      58.527     0.999945        99907     18204.44
      58.783     0.999951        99908     20480.00
      58.783     0.999957        99908     23405.71
      58.911     0.999963        99909     27306.67
      58.911     0.999969        99909     32768.00
      58.975     0.999973        99910     36408.89
      58.975     0.999976        99910     40960.00
      58.975     0.999979        99910     46811.43
      59.103     0.999982        99911     54613.33
      59.103     0.999985        99911     65536.00
      59.103     0.999986        99911     72817.78
      59.103     0.999988        99911     81920.00
      59.103     0.999989        99911     93622.86
      59.231     0.999991        99912    109226.67
      59.231     1.000000        99912          inf
#[Mean    =        4.777, StdDeviation   =        6.471]
#[Max     =       59.200, Total count    =        99912]
#[Buckets =           27, SubBuckets     =         2048]
----------------------------------------------------------
  199955 requests in 20.00s, 12.97MB read
Requests/sec:   9998.33
Transfer/sec:    663.95KB
